cam0:
  T_cam_imu:
  - [0.9958613791578641, 0.07966570520487203, 0.04374344426318718, -0.10434032739088778]
  - [-0.07682771188088357, 0.9950443051684071, -0.06312157665227569, -0.11127042181673505]
  - [-0.048555290020182974, 0.059499631647024494, 0.9970467279144563, -0.5524499784187237]
  - [0.0, 0.0, 0.0, 1.0]
  cam_overlaps: []
  camera_model: pinhole
  distortion_coeffs: [0.21423558354382966, -0.30586368141414483, -0.00030595444685297177,
    -0.009906257253676505]
  distortion_model: radtan
  intrinsics: [657.6283690104826, 874.8200413515597, 295.29354482420024, 230.72956849302324]
  resolution: [640, 480]
  rostopic: /csi_cam_0/image_raw
  timeshift_cam_imu: -0.08830793839484466
