cam0:
  T_cam_imu:
  - [-0.9991312645336886, 0.0397190426410629, -0.012614035158860906, 0.0002712012311466388]
  - [-0.04149241911920871, -0.9763347977445725, 0.21224688894940164, -0.0009196359307895116]
  - [-0.003885278232955167, 0.21258588938295303, 0.977134660243055, -0.009924246614955216]
  - [0.0, 0.0, 0.0, 1.0]
  cam_overlaps: []
  camera_model: pinhole
  distortion_coeffs: [0.16886766443276924, -0.27983955532486726, 0.0023200396979456417,
    -0.003111586927134966]
  distortion_model: radtan
  intrinsics: [647.5037713837596, 860.2835166759764, 300.2422691674086, 231.85601047756396]
  resolution: [640, 480]
  rostopic: /csi_cam_0/image_raw
  timeshift_cam_imu: -0.020428757446064552
