cam0:
  T_cam_imu:
  - [-0.9974381111259495, 0.012731412183695046, 0.0703926531486635, -0.0005426489965842304]
  - [0.003776881216694678, -0.9732897924717353, 0.22954893822146666, -0.001009375882963651]
  - [0.07143493292342454, 0.22922672404005734, 0.9707482471496357, -0.001558083546474863]
  - [0.0, 0.0, 0.0, 1.0]
  cam_overlaps: []
  camera_model: pinhole
  distortion_coeffs: [0.16886766443276924, -0.27983955532486726, 0.0023200396979456417,
    -0.003111586927134966]
  distortion_model: radtan
  intrinsics: [647.5037713837596, 860.2835166759764, 300.2422691674086, 231.85601047756396]
  resolution: [640, 480]
  rostopic: /csi_cam_0/image_raw
  timeshift_cam_imu: -0.017280349105101324
