cam0:
  T_cam_imu:
  - [0.9967339235815426, 0.07301419655964815, 0.03450235763674977, -0.0780210894607442]
  - [-0.07256843515518117, 0.9972651473038558, -0.014001721042366012, -0.013342641577188483]
  - [-0.035430323183304226, 0.011452208248588367, 0.999306529111743, -0.13301944794294585]
  - [0.0, 0.0, 0.0, 1.0]
  cam_overlaps: []
  camera_model: pinhole
  distortion_coeffs: [0.21423558354382966, -0.30586368141414483, -0.00030595444685297177,
    -0.009906257253676505]
  distortion_model: radtan
  intrinsics: [657.6283690104826, 874.8200413515597, 295.29354482420024, 230.72956849302324]
  resolution: [640, 480]
  rostopic: /csi_cam_0/image_raw
  timeshift_cam_imu: 0.030445758383322752
