cam0:
  T_cam_imu:
  - [0.9721048801135501, 0.19456176139959636, 0.1309878737155028, 0.07177822739273915]
  - [-0.12856335069192754, 0.9091081084907319, -0.3962245726040597, 0.04522021469000714]
  - [-0.19617228886437155, 0.36833160070443566, 0.9087619407766939, 0.6080841588374757]
  - [0.0, 0.0, 0.0, 1.0]
  cam_overlaps: []
  camera_model: pinhole
  distortion_coeffs: [0.21423558354382966, -0.30586368141414483, -0.00030595444685297177,
    -0.009906257253676505]
  distortion_model: radtan
  intrinsics: [657.6283690104826, 874.8200413515597, 295.29354482420024, 230.72956849302324]
  resolution: [640, 480]
  rostopic: /csi_cam_0/image_raw
  timeshift_cam_imu: -0.14453521101736544
