cam0:
  T_cam_imu:
  - [0.9982765470716771, 0.04058665252432194, 0.042387016921681425, -0.027850582379368057]
  - [-0.038550448209471865, 0.9981127880057566, -0.0477988008450393, -0.041729714861880846]
  - [-0.04424701695592352, 0.04608238336115932, 0.9979572212446066, -0.23016337442189444]
  - [0.0, 0.0, 0.0, 1.0]
  cam_overlaps: []
  camera_model: pinhole
  distortion_coeffs: [0.21423558354382966, -0.30586368141414483, -0.00030595444685297177,
    -0.009906257253676505]
  distortion_model: radtan
  intrinsics: [657.6283690104826, 874.8200413515597, 295.29354482420024, 230.72956849302324]
  resolution: [640, 480]
  rostopic: /csi_cam_0/image_raw
  timeshift_cam_imu: -0.012347306362423252
