cam0:
  cam_overlaps: []
  camera_model: pinhole
  distortion_coeffs: [0.21286951481655816, -0.3076597497131197, 0.0010928220943022357,
    -0.009796477352799324]
  distortion_model: radtan
  intrinsics: [657.6143342957149, 875.0754793394281, 294.6677706487931, 234.9397442208543]
  resolution: [640, 480]
  rostopic: /csi_cam_0/image_raw
