cam0:
  T_cam_imu:
  - [0.993572358259789, 0.0307479929059914, 0.10894278238751998, -0.020396520893061564]
  - [-0.02421117391603505, 0.9978547498173865, -0.060825301680206514, -0.007399742294777658]
  - [-0.11057932880827653, 0.05779670578098489, 0.9921853419806085, 0.165238717848818]
  - [0.0, 0.0, 0.0, 1.0]
  cam_overlaps: []
  camera_model: pinhole
  distortion_coeffs: [0.21286951481655816, -0.3076597497131197, 0.0010928220943022357,
    -0.009796477352799324]
  distortion_model: radtan
  intrinsics: [657.6143342957149, 875.0754793394281, 294.6677706487931, 234.9397442208543]
  resolution: [640, 480]
  rostopic: /csi_cam_0/image_raw
  timeshift_cam_imu: -0.11374948561475282
