cam0:
  T_cam_imu:
  - [0.8044698513786015, -0.1116944116016097, 0.5833974774027233, -2.506169078901007e-05]
  - [-0.521390557086062, -0.6033159598002806, 0.603458150687976, 0.00020243981808871955]
  - [0.2845701059569976, -0.7896418245427709, -0.5435859120032334, 0.00040078509081742646]
  - [0.0, 0.0, 0.0, 1.0]
  cam_overlaps: []
  camera_model: pinhole
  distortion_coeffs: [0.16886766443276924, -0.27983955532486726, 0.0023200396979456417,
    -0.003111586927134966]
  distortion_model: radtan
  intrinsics: [647.5037713837596, 860.2835166759764, 300.2422691674086, 231.85601047756396]
  resolution: [640, 480]
  rostopic: /csi_cam_0/image_raw
  timeshift_cam_imu: -0.01943665577651638
