cam0:
  T_cam_imu:
  - [-0.8897569113463838, -0.04725114452951036, 0.4539823433262534, -0.0002091872083325364]
  - [0.19214267009135805, -0.9409785096542519, 0.2786406982101286, 0.00039368472737466505]
  - [0.4140215369295521, 0.3351518666358816, 0.8463210934680626, 0.0018164282996816776]
  - [0.0, 0.0, 0.0, 1.0]
  cam_overlaps: []
  camera_model: pinhole
  distortion_coeffs: [0.16886766443276924, -0.27983955532486726, 0.0023200396979456417,
    -0.003111586927134966]
  distortion_model: radtan
  intrinsics: [647.5037713837596, 860.2835166759764, 300.2422691674086, 231.85601047756396]
  resolution: [640, 480]
  rostopic: /csi_cam_0/image_raw
  timeshift_cam_imu: -0.019492382564903096
