cam0:
  T_cam_imu:
  - [0.9970027244488929, 0.07721722476173189, 0.0048028784680065805, -0.1746986175507534]
  - [-0.07713951046018909, 0.9969122609498943, -0.014677870885446066, -0.019932014856427833]
  - [-0.005921432887793181, 0.01426338556807702, 0.9998807391207659, 0.349213638894469]
  - [0.0, 0.0, 0.0, 1.0]
  cam_overlaps: []
  camera_model: pinhole
  distortion_coeffs: [0.21423558354382966, -0.30586368141414483, -0.00030595444685297177,
    -0.009906257253676505]
  distortion_model: radtan
  intrinsics: [657.6283690104826, 874.8200413515597, 295.29354482420024, 230.72956849302324]
  resolution: [640, 480]
  rostopic: /csi_cam_0/image_raw
  timeshift_cam_imu: -0.17607370866241598
