cam0:
  T_cam_imu:
  - [-0.978853080974715, 0.20358737962396026, 0.019970596489782916, -8.081613158525641e-05]
  - [-0.20091882491444027, -0.9751645982437632, 0.09319673882213203, 0.00028524501732506933]
  - [0.038448298548943924, 0.08721344615327215, 0.9954474085298338, 0.00045130773458526476]
  - [0.0, 0.0, 0.0, 1.0]
  camera_model: pinhole
  distortion_coeffs: [-0.27695497, 0.06712482, 0.00087538, 0.00011556]
  distortion_model: radtan
  intrinsics: [461.629, 460.152, 362.68, 246.049]
  resolution: [720, 480]
  rostopic: /csi_cam_0/image_raw
  timeshift_cam_imu: -0.0375413436405997
