cam0:
  T_cam_imu:
  - [-0.9991344034236015, 0.03779733337815404, -0.01737254975134691, 0.00722237830597503]
  - [-0.04052622517706521, -0.9786449323264889, 0.2015235011222721, -0.019547970330069997]
  - [-0.009384506820294146, 0.20205310693275982, 0.9793296038671337, -0.31564957680242733]
  - [0.0, 0.0, 0.0, 1.0]
  cam_overlaps: []
  camera_model: pinhole
  distortion_coeffs: [0.16886766443276924, -0.27983955532486726, 0.0023200396979456417,
    -0.003111586927134966]
  distortion_model: radtan
  intrinsics: [647.5037713837596, 860.2835166759764, 300.2422691674086, 231.85601047756396]
  resolution: [640, 480]
  rostopic: /csi_cam_0/image_raw
  timeshift_cam_imu: -0.017134991901747606
