cam0:
  T_cam_imu:
  - [0.9916817018703353, -0.0996071294325007, -0.08152191080790111, -0.11136855747417489]
  - [0.10288007457358776, 0.9940063555152926, 0.03697371297202624, 0.020853150619192413]
  - [0.07735045204319982, -0.04505313486786254, 0.9959855032114122, -0.036101826107090194]
  - [0.0, 0.0, 0.0, 1.0]
  cam_overlaps: []
  camera_model: pinhole
  distortion_coeffs: [0.21423558354382966, -0.30586368141414483, -0.00030595444685297177,
    -0.009906257253676505]
  distortion_model: radtan
  intrinsics: [657.6283690104826, 874.8200413515597, 295.29354482420024, 230.72956849302324]
  resolution: [640, 480]
  rostopic: /csi_cam_0/image_raw
  timeshift_cam_imu: 0.024018185399075097
