cam0:
  T_cam_imu:
  - [-0.9985465477252775, 0.0364160470653214, -0.03973239914811653, 0.013003748553171133]
  - [-0.04480178553297196, -0.9706405591013763, 0.2363254219089094, -0.01188766000710413]
  - [-0.02995984043660011, 0.2377620166122056, 0.970861283303392, -0.05042454268811267]
  - [0.0, 0.0, 0.0, 1.0]
  cam_overlaps: []
  camera_model: pinhole
  distortion_coeffs: [0.16886766443276924, -0.27983955532486726, 0.0023200396979456417,
    -0.003111586927134966]
  distortion_model: radtan
  intrinsics: [647.5037713837596, 860.2835166759764, 300.2422691674086, 231.85601047756396]
  resolution: [640, 480]
  rostopic: /csi_cam_0/image_raw
  timeshift_cam_imu: 0.01764876221604119
