cam0:
  T_cam_imu:
  - [0.9777759216218729, 0.16201106466929283, 0.13306638200994592, 0.08363686517891594]
  - [-0.09265596975863477, 0.9032812622554783, -0.4189246143714095, 0.039602676408931]
  - [-0.18806679229619883, 0.39728500623968865, 0.8982179609941823, 0.6079946777864514]
  - [0.0, 0.0, 0.0, 1.0]
  cam_overlaps: []
  camera_model: pinhole
  distortion_coeffs: [0.21286951481655816, -0.3076597497131197, 0.0010928220943022357,
    -0.009796477352799324]
  distortion_model: radtan
  intrinsics: [657.6143342957149, 875.0754793394281, 294.6677706487931, 234.9397442208543]
  resolution: [640, 480]
  rostopic: /csi_cam_0/image_raw
  timeshift_cam_imu: -0.14418365615010886
