cam0:
  T_cam_imu:
  - [0.9973518979482492, 0.06151949332121102, 0.03878844674028665, -0.08748062957247363]
  - [-0.062359937493867375, 0.997836081709009, 0.020842078480095567, 0.0495437071777749]
  - [-0.037422317603049864, -0.023205731643518183, 0.9990300616918908, -0.009603846702685733]
  - [0.0, 0.0, 0.0, 1.0]
  cam_overlaps: []
  camera_model: pinhole
  distortion_coeffs: [0.21423558354382966, -0.30586368141414483, -0.00030595444685297177,
    -0.009906257253676505]
  distortion_model: radtan
  intrinsics: [657.6283690104826, 874.8200413515597, 295.29354482420024, 230.72956849302324]
  resolution: [640, 480]
  rostopic: /csi_cam_0/image_raw
  timeshift_cam_imu: 0.05785142266351154
